x	rhoN2	rhoO2	rhoNO	rhoN	rhoO	u	T	Tv
0.003750	0.000242	0.000075	-0.000000	0.000000	0.000000	3498.753788	354.223166	350.000000
0.011250	0.000250	0.000077	0.000000	0.000000	0.000000	3497.492193	358.496927	350.000000
0.018750	0.000257	0.000079	0.000000	-0.000000	0.000000	3496.215334	362.820826	350.000001
0.026250	0.000265	0.000082	-0.000000	-0.000000	0.000000	3494.923359	367.194310	350.000001
0.033750	0.000273	0.000084	-0.000000	0.000000	0.000000	3493.616442	371.616728	350.000002
0.041250	0.000282	0.000087	-0.000000	0.000000	0.000000	3492.294790	376.087326	350.000003
0.048750	0.000290	0.000090	0.000000	-0.000000	0.000000	3490.958642	380.605237	350.000004
0.056250	0.000299	0.000092	-0.000000	0.000000	0.000000	3489.608272	385.169480	350.000005
0.063750	0.000309	0.000095	0.000000	0.000000	0.000000	3488.243991	389.778949	350.000007
0.071250	0.000318	0.000098	0.000000	-0.000000	0.000000	3486.866148	394.432410	350.000009
0.078750	0.000328	0.000101	0.000000	-0.000000	0.000000	3485.475134	399.128490	350.000012
0.086250	0.000338	0.000104	0.000000	-0.000000	-0.000000	3484.071382	403.865676	350.000015
0.093750	0.000348	0.000107	-0.000000	-0.000000	-0.000000	3482.655368	408.642305	350.000019
0.101250	0.000358	0.000110	0.000000	0.000000	-0.000000	3481.227619	413.456557	350.000023
0.108750	0.000369	0.000114	-0.000000	-0.000000	0.000000	3479.788707	418.306449	350.000029
0.116250	0.000380	0.000117	-0.000000	-0.000000	0.000000	3478.339258	423.189830	350.000035
0.123750	0.000391	0.000121	0.000000	-0.000000	-0.000000	3476.879951	428.104372	350.000043
0.131250	0.000403	0.000124	0.000000	-0.000000	-0.000000	3475.411517	433.047565	350.000052
0.138750	0.000415	0.000128	0.000000	0.000000	-0.000000	3473.934749	438.016711	350.000062
0.146250	0.000427	0.000132	0.000000	-0.000000	-0.000000	3472.450495	443.008917	350.000074
0.153750	0.000439	0.000135	0.000000	-0.000000	-0.000000	3470.959665	448.021093	350.000088
0.161250	0.000452	0.000139	0.000000	-0.000000	-0.000000	3469.463232	453.049941	350.000103
0.168750	0.000464	0.000143	0.000000	-0.000000	0.000000	3467.962232	458.091957	350.000121
0.176250	0.000478	0.000147	0.000000	0.000000	-0.000000	3466.457768	463.143423	350.000142
0.183750	0.000491	0.000151	-0.000000	-0.000000	-0.000000	3464.951007	468.200403	350.000165
0.191250	0.000504	0.000156	-0.000000	0.000000	-0.000000	3463.443184	473.258745	350.000191
0.198750	0.000518	0.000160	0.000000	-0.000000	0.000000	3461.935604	478.314075	350.000220
0.206250	0.000532	0.000164	-0.000000	0.000000	-0.000000	3460.429636	483.361797	350.000253
0.213750	0.000546	0.000169	-0.000000	0.000000	-0.000000	3458.926723	488.397094	350.000290
0.221250	0.000561	0.000173	-0.000000	-0.000000	0.000000	3457.428371	493.414931	350.000330
0.228750	0.000575	0.000177	0.000000	-0.000000	0.000000	3455.936156	498.410053	350.000376
0.236250	0.000590	0.000182	0.000000	-0.000000	0.000000	3454.451722	503.376993	350.000426
0.243750	0.000605	0.000187	0.000000	-0.000000	0.000000	3452.976774	508.310075	350.000482
0.251250	0.000620	0.000191	0.000000	-0.000000	-0.000000	3451.513084	513.203423	350.000542
0.258750	0.000635	0.000196	0.000000	-0.000000	0.000000	3450.062483	518.050966	350.000609
0.266250	0.000650	0.000200	0.000000	-0.000000	0.000000	3448.626861	522.846449	350.000682
0.273750	0.000665	0.000205	-0.000000	0.000000	0.000000	3447.208160	527.583446	350.000761
0.281250	0.000680	0.000210	-0.000000	-0.000000	0.000000	3445.808375	532.255373	350.000847
0.288750	0.000695	0.000214	-0.000000	-0.000000	0.000000	3444.429547	536.855499	350.000940
0.296250	0.000710	0.000219	-0.000000	-0.000000	0.000000	3443.073757	541.376970	350.001040
0.303750	0.000725	0.000224	-0.000000	-0.000000	0.000000	3441.743122	545.812821	350.001148
0.311250	0.000740	0.000228	-0.000000	-0.000000	0.000000	3440.439787	550.156000	350.001263
0.318750	0.000754	0.000233	0.000000	-0.000000	0.000000	3439.165921	554.399389	350.001385
0.326250	0.000769	0.000237	0.000000	-0.000000	0.000000	3437.923708	558.535827	350.001516
0.333750	0.000783	0.000241	-0.000000	-0.000000	0.000000	3436.715337	562.558138	350.001654
0.341250	0.000797	0.000246	-0.000000	0.000000	0.000000	3435.543000	566.459153	350.001800
0.348750	0.000811	0.000250	-0.000000	-0.000000	0.000000	3434.408876	570.231745	350.001953
0.356250	0.000824	0.000254	-0.000000	-0.000000	0.000000	3433.315128	573.868851	350.002115
0.363750	0.000837	0.000258	0.000000	-0.000000	0.000000	3432.263888	577.363509	350.002283
0.371250	0.000849	0.000262	-0.000000	-0.000000	0.000000	3431.257253	580.708884	350.002459
0.378750	0.000861	0.000266	-0.000000	-0.000000	0.000000	3430.297269	583.898305	350.002642
0.386250	0.000873	0.000269	0.000000	-0.000000	0.000000	3429.385929	586.925292	350.002832
0.393750	0.000884	0.000272	0.000000	-0.000000	0.000000	3428.525153	589.783591	350.003028
0.401250	0.000894	0.000276	0.000000	-0.000000	0.000000	3427.716787	592.467207	350.003230
0.408750	0.000904	0.000279	0.000000	-0.000000	0.000000	3426.962586	594.970432	350.003437
0.416250	0.000913	0.000281	0.000000	-0.000000	0.000000	3426.264211	597.287881	350.003650
0.423750	0.000921	0.000284	0.000000	-0.000000	0.000000	3425.623212	599.414518	350.003868
0.431250	0.000929	0.000286	0.000000	-0.000000	0.000000	3425.041028	601.345683	350.004090
0.438750	0.000936	0.000289	0.000000	-0.000000	0.000000	3424.518970	603.077125	350.004315
0.446250	0.000942	0.000290	0.000000	-0.000000	0.000000	3424.058219	604.605018	350.004545
0.453750	0.000947	0.000292	0.000000	-0.000000	0.000000	3423.659817	605.925992	350.004777
0.461250	0.000951	0.000293	0.000000	-0.000000	-0.000000	3423.324660	607.037146	350.005011
0.468750	0.000955	0.000295	0.000000	-0.000000	-0.000000	3423.053494	607.936071	350.005248
0.476250	0.000958	0.000295	0.000000	-0.000000	-0.000000	3422.846909	608.620860	350.005486
0.483750	0.000960	0.000296	0.000000	-0.000000	-0.000000	3422.705337	609.090120	350.005725
0.491250	0.000961	0.000296	0.000000	-0.000000	-0.000000	3422.629049	609.342983	350.005964
0.498750	0.000961	0.000296	0.000000	-0.000000	-0.000000	3422.618151	609.379108	350.006203
0.506250	0.000960	0.000296	0.000000	-0.000000	-0.000000	3422.672588	609.198682	350.006442
0.513750	0.000959	0.000296	0.000000	-0.000000	-0.000000	3422.792140	608.802421	350.006680
0.521250	0.000956	0.000295	0.000000	-0.000000	-0.000000	3422.976428	608.191561	350.006916
0.528750	0.000953	0.000294	0.000000	-0.000000	-0.000000	3423.224913	607.367854	350.007151
0.536250	0.000949	0.000293	0.000000	-0.000000	0.000000	3423.536902	606.333549	350.007383
0.543750	0.000944	0.000291	0.000000	-0.000000	0.000000	3423.911552	605.091388	350.007611
0.551250	0.000938	0.000289	0.000000	-0.000000	0.000000	3424.347874	603.644578	350.007837
0.558750	0.000931	0.000287	0.000000	-0.000000	0.000000	3424.844742	601.996776	350.008059
0.566250	0.000924	0.000285	0.000000	-0.000000	0.000000	3425.400899	600.152067	350.008276
0.573750	0.000916	0.000282	0.000000	0.000000	0.000000	3426.014963	598.114937	350.008489
0.581250	0.000907	0.000280	0.000000	0.000000	-0.000000	3426.685439	595.890247	350.008696
0.588750	0.000897	0.000277	0.000000	0.000000	-0.000000	3427.410723	593.483207	350.008898
0.596250	0.000887	0.000274	0.000000	0.000000	-0.000000	3428.189117	590.899344	350.009094
0.603750	0.000876	0.000270	0.000000	-0.000000	-0.000000	3429.018833	588.144470	350.009284
0.611250	0.000865	0.000267	0.000000	0.000000	-0.000000	3429.898007	585.224656	350.009467
0.618750	0.000853	0.000263	-0.000000	-0.000000	-0.000000	3430.824706	582.146198	350.009644
0.626250	0.000841	0.000259	-0.000000	-0.000000	-0.000000	3431.796939	578.915582	350.009813
0.633750	0.000828	0.000255	-0.000000	-0.000000	0.000000	3432.812666	575.539460	350.009975
0.641250	0.000815	0.000251	-0.000000	-0.000000	0.000000	3433.869812	572.024611	350.010129
0.648750	0.000802	0.000247	-0.000000	-0.000000	-0.000000	3434.966268	568.377915	350.010276
0.656250	0.000788	0.000243	-0.000000	-0.000000	0.000000	3436.099909	564.606323	350.010415
0.663750	0.000774	0.000239	-0.000000	-0.000000	0.000000	3437.268597	560.716827	350.010547
0.671250	0.000759	0.000234	-0.000000	-0.000000	0.000000	3438.470192	556.716434	350.010671
0.678750	0.000745	0.000230	-0.000000	-0.000000	0.000000	3439.702560	552.612139	350.010788
0.686250	0.000730	0.000225	-0.000000	-0.000000	0.000000	3440.963580	548.410900	350.010897
0.693750	0.000715	0.000221	-0.000000	-0.000000	-0.000000	3442.251149	544.119617	350.010999
0.701250	0.000700	0.000216	-0.000000	0.000000	-0.000000	3443.563194	539.745110	350.011094
0.708750	0.000685	0.000211	-0.000000	0.000000	-0.000000	3444.897672	535.294096	350.011182
0.716250	0.000670	0.000207	-0.000000	0.000000	-0.000000	3446.252581	530.773175	350.011263
0.723750	0.000655	0.000202	0.000000	0.000000	-0.000000	3447.625959	526.188813	350.011338
0.731250	0.000640	0.000197	0.000000	0.000000	-0.000000	3449.015893	521.547326	350.011407
0.738750	0.000625	0.000193	0.000000	0.000000	-0.000000	3450.420522	516.854866	350.011470
0.746250	0.000610	0.000188	0.000000	0.000000	0.000000	3451.838039	512.117416	350.011527
0.753750	0.000595	0.000183	0.000000	0.000000	0.000000	3453.266694	507.340771	350.011580
0.761250	0.000580	0.000179	0.000000	0.000000	-0.000000	3454.704798	502.530537	350.011628
0.768750	0.000566	0.000174	0.000000	0.000000	0.000000	3456.150724	497.692124	350.011671
0.776250	0.000551	0.000170	0.000000	-0.000000	0.000000	3457.602906	492.830737	350.011709
0.783750	0.000537	0.000166	0.000000	-0.000000	0.000000	3459.059845	487.951373	350.011744
0.791250	0.000523	0.000161	0.000000	-0.000000	-0.000000	3460.520105	483.058823	350.011776
0.798750	0.000509	0.000157	0.000000	-0.000000	-0.000000	3461.982317	478.157663	350.011804
0.806250	0.000496	0.000153	0.000000	-0.000000	0.000000	3463.445177	473.252261	350.011828
0.813750	0.000482	0.000149	0.000000	0.000000	0.000000	3464.907445	468.346773	350.011851
0.821250	0.000469	0.000145	-0.000000	0.000000	0.000000	3466.367947	463.445144	350.011870
0.828750	0.000456	0.000141	-0.000000	0.000000	0.000000	3467.825570	458.551113	350.011887
0.836250	0.000443	0.000137	0.000000	0.000000	0.000000	3469.279268	453.668214	350.011902
0.843750	0.000626	0.000193	0.000000	-0.000000	0.000000	2623.086120	3308.371231	753.845704
0.851250	0.002106	0.000649	0.000000	-0.000000	-0.000000	771.111488	6058.484837	2793.889956
0.858750	0.002553	0.000787	-0.000000	0.000000	-0.000000	583.927757	5700.481944	3857.616144
0.866250	0.002772	0.000855	-0.000000	-0.000000	-0.000000	513.838614	5449.148997	4456.519930
0.873750	0.002904	0.000896	0.000000	0.000000	-0.000000	471.705511	5309.223692	4780.622728
0.881250	0.002982	0.000920	0.000000	0.000000	-0.000000	443.626255	5234.302903	4955.749070
0.888750	0.003028	0.000934	0.000000	0.000000	-0.000000	422.948436	5195.842854	5050.193634
0.896250	0.003057	0.000943	0.000000	-0.000000	-0.000000	406.272803	5177.297820	5101.205326
0.903750	0.003075	0.000948	0.000000	0.000000	0.000000	391.839858	5169.323588	5129.138338
0.911250	0.003088	0.000952	0.000000	0.000000	0.000000	378.734732	5166.818507	5144.919048
0.918750	0.003097	0.000955	-0.000000	-0.000000	0.000000	366.484699	5167.034121	5154.378648
0.926250	0.003105	0.000958	-0.000000	-0.000000	0.000000	354.844449	5168.533974	5160.559267
0.933750	0.003113	0.000960	-0.000000	0.000000	-0.000000	343.686229	5170.582533	5165.026584
0.941250	0.003119	0.000962	-0.000000	0.000000	-0.000000	332.941635	5172.816388	5168.568167
0.948750	0.003125	0.000964	-0.000000	-0.000000	-0.000000	322.572000	5175.061109	5171.577329
0.956250	0.003130	0.000965	-0.000000	0.000000	-0.000000	312.553191	5177.236537	5174.250694
0.963750	0.003135	0.000967	-0.000000	0.000000	-0.000000	302.868223	5179.310594	5176.684263
0.971250	0.003140	0.000968	0.000000	0.000000	-0.000000	293.503673	5181.271409	5178.930527
0.978750	0.003144	0.000970	0.000000	-0.000000	-0.000000	284.447805	5183.118736	5181.016679
0.986250	0.003148	0.000971	0.000000	-0.000000	-0.000000	275.692184	5184.854922	5182.961374
0.993750	0.003152	0.000972	0.000000	0.000000	-0.000000	267.158513	5186.500596	5184.787044
1.001250	0.003165	0.000976	0.000000	0.000000	-0.000000	260.919861	5187.588029	5186.245442
1.008750	0.003170	0.000978	0.000000	0.000000	-0.000000	259.330407	5187.665727	5186.988520
1.016250	0.003170	0.000978	0.000000	-0.000000	-0.000000	259.382712	5187.509140	5187.261596
1.023750	0.003170	0.000978	0.000000	-0.000000	-0.000000	259.374460	5187.458144	5187.364695
1.031250	0.003170	0.000978	0.000000	-0.000000	-0.000000	259.372566	5187.438614	5187.403470
1.038750	0.003170	0.000978	0.000000	-0.000000	-0.000000	259.371801	5187.431281	5187.418058
1.046250	0.003170	0.000978	0.000000	-0.000000	-0.000000	259.371515	5187.428522	5187.423546
1.053750	0.003170	0.000978	0.000000	-0.000000	0.000000	259.371408	5187.427484	5187.425611
1.061250	0.003170	0.000978	0.000000	-0.000000	-0.000000	259.371367	5187.427093	5187.426388
1.068750	0.003170	0.000978	0.000000	0.000000	-0.000000	259.371352	5187.426946	5187.426681
1.076250	0.003170	0.000978	0.000000	-0.000000	-0.000000	259.371347	5187.426891	5187.426791
1.083750	0.003170	0.000978	-0.000000	0.000000	-0.000000	259.371344	5187.426870	5187.426832
1.091250	0.003170	0.000978	-0.000000	0.000000	-0.000000	259.371344	5187.426862	5187.426847
1.098750	0.003170	0.000978	-0.000000	0.000000	-0.000000	259.371343	5187.426859	5187.426853
1.106250	0.003170	0.000978	-0.000000	0.000000	-0.000000	259.371343	5187.426858	5187.426856
1.113750	0.003170	0.000978	-0.000000	0.000000	-0.000000	259.371343	5187.426858	5187.426857
1.121250	0.003170	0.000978	-0.000000	0.000000	-0.000000	259.371343	5187.426858	5187.426857
1.128750	0.003170	0.000978	-0.000000	0.000000	0.000000	259.371343	5187.426858	5187.426857
1.136250	0.003170	0.000978	-0.000000	-0.000000	0.000000	259.371343	5187.426858	5187.426857
1.143750	0.003170	0.000978	-0.000000	0.000000	0.000000	259.371343	5187.426858	5187.426857
1.151250	0.003170	0.000978	-0.000000	0.000000	0.000000	259.371343	5187.426858	5187.426857
1.158750	0.003170	0.000978	-0.000000	0.000000	0.000000	259.371343	5187.426858	5187.426857
1.166250	0.003170	0.000978	-0.000000	0.000000	0.000000	259.371343	5187.426858	5187.426857
1.173750	0.003170	0.000978	-0.000000	0.000000	0.000000	259.371343	5187.426858	5187.426857
1.181250	0.003170	0.000978	0.000000	-0.000000	0.000000	259.371343	5187.426858	5187.426857
1.188750	0.003170	0.000978	0.000000	0.000000	0.000000	259.371343	5187.426858	5187.426857
1.196250	0.003170	0.000978	0.000000	0.000000	0.000000	259.371343	5187.426858	5187.426857
1.203750	0.003170	0.000978	0.000000	0.000000	0.000000	259.371343	5187.426858	5187.426857
1.211250	0.003170	0.000978	0.000000	-0.000000	-0.000000	259.371343	5187.426858	5187.426857
1.218750	0.003170	0.000978	0.000000	0.000000	-0.000000	259.371343	5187.426858	5187.426857
1.226250	0.003170	0.000978	0.000000	0.000000	-0.000000	259.371343	5187.426858	5187.426857
1.233750	0.003170	0.000978	0.000000	0.000000	-0.000000	259.371343	5187.426858	5187.426857
1.241250	0.003170	0.000978	0.000000	0.000000	-0.000000	259.371343	5187.426858	5187.426857
1.248750	0.003170	0.000978	0.000000	0.000000	-0.000000	259.371343	5187.426858	5187.426857
1.256250	0.003170	0.000978	0.000000	0.000000	-0.000000	259.371343	5187.426858	5187.426857
1.263750	0.003170	0.000978	0.000000	0.000000	-0.000000	259.371343	5187.426858	5187.426857
1.271250	0.003170	0.000978	0.000000	-0.000000	-0.000000	259.371343	5187.426858	5187.426857
1.278750	0.003170	0.000978	0.000000	-0.000000	-0.000000	259.371343	5187.426858	5187.426857
1.286250	0.003170	0.000978	0.000000	-0.000000	-0.000000	259.371343	5187.426858	5187.426857
1.293750	0.003170	0.000978	0.000000	-0.000000	-0.000000	259.371343	5187.426858	5187.426857
1.301250	0.003170	0.000978	0.000000	-0.000000	-0.000000	259.371343	5187.426858	5187.426857
1.308750	0.003170	0.000978	0.000000	-0.000000	-0.000000	259.371343	5187.426858	5187.426857
1.316250	0.003170	0.000978	0.000000	-0.000000	-0.000000	259.371343	5187.426858	5187.426857
1.323750	0.003170	0.000978	0.000000	-0.000000	0.000000	259.371343	5187.426858	5187.426857
1.331250	0.003170	0.000978	0.000000	-0.000000	0.000000	259.371343	5187.426858	5187.426857
1.338750	0.003170	0.000978	0.000000	-0.000000	0.000000	259.371343	5187.426858	5187.426857
1.346250	0.003170	0.000978	0.000000	-0.000000	0.000000	259.371343	5187.426858	5187.426857
1.353750	0.003170	0.000978	0.000000	-0.000000	0.000000	259.371343	5187.426858	5187.426857
1.361250	0.003170	0.000978	0.000000	-0.000000	0.000000	259.371343	5187.426858	5187.426857
1.368750	0.003170	0.000978	-0.000000	-0.000000	0.000000	259.371343	5187.426858	5187.426857
1.376250	0.003170	0.000978	-0.000000	-0.000000	0.000000	259.371343	5187.426858	5187.426857
1.383750	0.003170	0.000978	-0.000000	-0.000000	0.000000	259.371343	5187.426858	5187.426857
1.391250	0.003170	0.000978	-0.000000	-0.000000	0.000000	259.371343	5187.426858	5187.426857
1.398750	0.003170	0.000978	-0.000000	-0.000000	0.000000	259.371343	5187.426858	5187.426857
1.406250	0.003170	0.000978	-0.000000	-0.000000	0.000000	259.371343	5187.426858	5187.426857
1.413750	0.003170	0.000978	-0.000000	-0.000000	0.000000	259.371343	5187.426858	5187.426857
1.421250	0.003170	0.000978	-0.000000	-0.000000	0.000000	259.371343	5187.426858	5187.426857
1.428750	0.003170	0.000978	-0.000000	-0.000000	0.000000	259.371343	5187.426858	5187.426857
1.436250	0.003170	0.000978	-0.000000	-0.000000	0.000000	259.371343	5187.426858	5187.426857
1.443750	0.003170	0.000978	-0.000000	-0.000000	0.000000	259.371343	5187.426858	5187.426857
1.451250	0.003170	0.000978	-0.000000	-0.000000	0.000000	259.371343	5187.426858	5187.426857
1.458750	0.003170	0.000978	-0.000000	-0.000000	0.000000	259.371343	5187.426858	5187.426857
1.466250	0.003170	0.000978	-0.000000	-0.000000	0.000000	259.371343	5187.426858	5187.426857
1.473750	0.003170	0.000978	0.000000	-0.000000	-0.000000	259.371343	5187.426858	5187.426857
1.481250	0.003170	0.000978	0.000000	-0.000000	-0.000000	259.371343	5187.426858	5187.426857
1.488750	0.003170	0.000978	0.000000	0.000000	-0.000000	259.371343	5187.426858	5187.426857
1.496250	0.003170	0.000978	0.000000	0.000000	-0.000000	259.371343	5187.426858	5187.426857
