x	rhoN2	rhoO2	rhoNO	rhoN	rhoO	u	T	Tv
0.003750	0.000242	0.000075	0.000000	0.000000	0.000000	3498.753788	354.223166	350.000000
0.011250	0.000250	0.000077	-0.000000	-0.000000	0.000000	3497.492193	358.496927	350.000000
0.018750	0.000257	0.000079	-0.000000	-0.000000	0.000000	3496.215334	362.820826	350.000001
0.026250	0.000265	0.000082	-0.000000	-0.000000	0.000000	3494.923359	367.194310	350.000001
0.033750	0.000273	0.000084	0.000000	-0.000000	0.000000	3493.616442	371.616728	350.000002
0.041250	0.000282	0.000087	0.000000	-0.000000	0.000000	3492.294790	376.087326	350.000003
0.048750	0.000290	0.000090	0.000000	-0.000000	0.000000	3490.958642	380.605237	350.000004
0.056250	0.000299	0.000092	0.000000	-0.000000	0.000000	3489.608272	385.169480	350.000005
0.063750	0.000309	0.000095	0.000000	-0.000000	0.000000	3488.243991	389.778949	350.000007
0.071250	0.000318	0.000098	0.000000	-0.000000	0.000000	3486.866148	394.432410	350.000009
0.078750	0.000328	0.000101	0.000000	-0.000000	0.000000	3485.475134	399.128490	350.000012
0.086250	0.000338	0.000104	0.000000	-0.000000	0.000000	3484.071382	403.865676	350.000015
0.093750	0.000348	0.000107	0.000000	-0.000000	0.000000	3482.655368	408.642305	350.000019
0.101250	0.000358	0.000110	0.000000	-0.000000	0.000000	3481.227619	413.456557	350.000023
0.108750	0.000369	0.000114	0.000000	-0.000000	0.000000	3479.788707	418.306449	350.000029
0.116250	0.000380	0.000117	0.000000	-0.000000	0.000000	3478.339258	423.189830	350.000035
0.123750	0.000391	0.000121	0.000000	-0.000000	0.000000	3476.879951	428.104372	350.000043
0.131250	0.000403	0.000124	0.000000	-0.000000	0.000000	3475.411517	433.047565	350.000052
0.138750	0.000415	0.000128	0.000000	-0.000000	0.000000	3473.934749	438.016711	350.000062
0.146250	0.000427	0.000132	0.000000	-0.000000	0.000000	3472.450495	443.008917	350.000074
0.153750	0.000439	0.000135	0.000000	-0.000000	0.000000	3470.959665	448.021093	350.000088
0.161250	0.000452	0.000139	0.000000	-0.000000	0.000000	3469.463232	453.049941	350.000103
0.168750	0.000464	0.000143	0.000000	-0.000000	0.000000	3467.962232	458.091957	350.000121
0.176250	0.000478	0.000147	0.000000	-0.000000	0.000000	3466.457768	463.143423	350.000142
0.183750	0.000491	0.000151	0.000000	-0.000000	0.000000	3464.951007	468.200403	350.000165
0.191250	0.000504	0.000156	0.000000	-0.000000	0.000000	3463.443184	473.258745	350.000191
0.198750	0.000518	0.000160	0.000000	-0.000000	0.000000	3461.935604	478.314075	350.000220
0.206250	0.000532	0.000164	0.000000	-0.000000	0.000000	3460.429636	483.361797	350.000253
0.213750	0.000546	0.000169	0.000000	-0.000000	0.000000	3458.926723	488.397094	350.000290
0.221250	0.000561	0.000173	0.000000	-0.000000	0.000000	3457.428371	493.414931	350.000330
0.228750	0.000575	0.000177	0.000000	-0.000000	0.000000	3455.936156	498.410053	350.000376
0.236250	0.000590	0.000182	0.000000	-0.000000	0.000000	3454.451722	503.376993	350.000426
0.243750	0.000605	0.000187	0.000000	-0.000000	0.000000	3452.976774	508.310075	350.000482
0.251250	0.000620	0.000191	0.000000	-0.000000	0.000000	3451.513084	513.203423	350.000542
0.258750	0.000635	0.000196	0.000000	-0.000000	0.000000	3450.062483	518.050966	350.000609
0.266250	0.000650	0.000200	0.000000	-0.000000	0.000000	3448.626861	522.846449	350.000682
0.273750	0.000665	0.000205	0.000000	-0.000000	0.000000	3447.208160	527.583446	350.000761
0.281250	0.000680	0.000210	0.000000	-0.000000	0.000000	3445.808375	532.255373	350.000847
0.288750	0.000695	0.000214	0.000000	-0.000000	0.000000	3444.429547	536.855499	350.000940
0.296250	0.000710	0.000219	0.000000	-0.000000	0.000000	3443.073757	541.376970	350.001040
0.303750	0.000725	0.000224	0.000000	-0.000000	0.000000	3441.743122	545.812821	350.001148
0.311250	0.000740	0.000228	0.000000	-0.000000	0.000000	3440.439787	550.156000	350.001263
0.318750	0.000754	0.000233	0.000000	-0.000000	0.000000	3439.165921	554.399389	350.001385
0.326250	0.000769	0.000237	0.000000	-0.000000	0.000000	3437.923708	558.535827	350.001516
0.333750	0.000783	0.000241	0.000000	-0.000000	0.000000	3436.715337	562.558138	350.001654
0.341250	0.000797	0.000246	0.000000	-0.000000	0.000000	3435.543000	566.459153	350.001800
0.348750	0.000811	0.000250	0.000000	-0.000000	0.000000	3434.408876	570.231745	350.001953
0.356250	0.000824	0.000254	0.000000	-0.000000	0.000000	3433.315128	573.868851	350.002115
0.363750	0.000837	0.000258	0.000000	-0.000000	0.000000	3432.263888	577.363509	350.002283
0.371250	0.000849	0.000262	0.000000	-0.000000	0.000000	3431.257253	580.708884	350.002459
0.378750	0.000861	0.000266	0.000000	-0.000000	0.000000	3430.297269	583.898305	350.002642
0.386250	0.000873	0.000269	-0.000000	-0.000000	0.000000	3429.385929	586.925292	350.002832
0.393750	0.000884	0.000272	-0.000000	-0.000000	0.000000	3428.525153	589.783591	350.003028
0.401250	0.000894	0.000276	-0.000000	-0.000000	0.000000	3427.716787	592.467207	350.003230
0.408750	0.000904	0.000279	-0.000000	-0.000000	0.000000	3426.962586	594.970432	350.003437
0.416250	0.000913	0.000281	0.000000	-0.000000	0.000000	3426.264211	597.287881	350.003650
0.423750	0.000921	0.000284	-0.000000	-0.000000	0.000000	3425.623212	599.414518	350.003868
0.431250	0.000929	0.000286	0.000000	-0.000000	0.000000	3425.041028	601.345683	350.004090
0.438750	0.000936	0.000289	-0.000000	-0.000000	0.000000	3424.518970	603.077125	350.004315
0.446250	0.000942	0.000290	-0.000000	-0.000000	0.000000	3424.058219	604.605018	350.004545
0.453750	0.000947	0.000292	-0.000000	-0.000000	0.000000	3423.659817	605.925992	350.004777
0.461250	0.000951	0.000293	-0.000000	-0.000000	0.000000	3423.324660	607.037146	350.005011
0.468750	0.000955	0.000295	-0.000000	-0.000000	0.000000	3423.053494	607.936071	350.005248
0.476250	0.000958	0.000295	-0.000000	-0.000000	0.000000	3422.846909	608.620860	350.005486
0.483750	0.000960	0.000296	-0.000000	-0.000000	0.000000	3422.705337	609.090120	350.005725
0.491250	0.000961	0.000296	-0.000000	-0.000000	0.000000	3422.629049	609.342983	350.005964
0.498750	0.000961	0.000296	-0.000000	-0.000000	0.000000	3422.618151	609.379108	350.006203
0.506250	0.000960	0.000296	0.000000	-0.000000	0.000000	3422.672588	609.198682	350.006442
0.513750	0.000959	0.000296	0.000000	-0.000000	0.000000	3422.792140	608.802421	350.006680
0.521250	0.000956	0.000295	0.000000	-0.000000	0.000000	3422.976428	608.191561	350.006916
0.528750	0.000953	0.000294	-0.000000	-0.000000	0.000000	3423.224913	607.367854	350.007151
0.536250	0.000949	0.000293	-0.000000	-0.000000	0.000000	3423.536902	606.333549	350.007383
0.543750	0.000944	0.000291	-0.000000	-0.000000	0.000000	3423.911552	605.091388	350.007611
0.551250	0.000938	0.000289	-0.000000	-0.000000	0.000000	3424.347874	603.644578	350.007837
0.558750	0.000931	0.000287	-0.000000	-0.000000	0.000000	3424.844742	601.996776	350.008059
0.566250	0.000924	0.000285	-0.000000	-0.000000	0.000000	3425.400899	600.152067	350.008276
0.573750	0.000916	0.000282	-0.000000	-0.000000	0.000000	3426.014963	598.114937	350.008489
0.581250	0.000907	0.000280	-0.000000	-0.000000	0.000000	3426.685439	595.890247	350.008696
0.588750	0.000897	0.000277	-0.000000	-0.000000	0.000000	3427.410723	593.483207	350.008898
0.596250	0.000887	0.000274	-0.000000	-0.000000	0.000000	3428.189117	590.899344	350.009094
0.603750	0.000876	0.000270	-0.000000	-0.000000	0.000000	3429.018833	588.144470	350.009284
0.611250	0.000865	0.000267	-0.000000	-0.000000	0.000000	3429.898007	585.224656	350.009467
0.618750	0.000853	0.000263	-0.000000	-0.000000	0.000000	3430.824706	582.146198	350.009644
0.626250	0.000841	0.000259	-0.000000	-0.000000	0.000000	3431.796939	578.915582	350.009813
0.633750	0.000828	0.000255	-0.000000	-0.000000	0.000000	3432.812666	575.539460	350.009975
0.641250	0.000815	0.000251	-0.000000	-0.000000	0.000000	3433.869812	572.024611	350.010129
0.648750	0.000802	0.000247	-0.000000	-0.000000	0.000000	3434.966268	568.377915	350.010276
0.656250	0.000788	0.000243	-0.000000	-0.000000	0.000000	3436.099909	564.606323	350.010415
0.663750	0.000774	0.000239	-0.000000	-0.000000	0.000000	3437.268597	560.716827	350.010547
0.671250	0.000759	0.000234	-0.000000	-0.000000	0.000000	3438.470192	556.716434	350.010671
0.678750	0.000745	0.000230	-0.000000	-0.000000	0.000000	3439.702560	552.612139	350.010788
0.686250	0.000730	0.000225	-0.000000	-0.000000	0.000000	3440.963580	548.410900	350.010897
0.693750	0.000715	0.000221	-0.000000	-0.000000	0.000000	3442.251149	544.119617	350.010999
0.701250	0.000700	0.000216	-0.000000	-0.000000	0.000000	3443.563194	539.745110	350.011094
0.708750	0.000685	0.000211	-0.000000	-0.000000	0.000000	3444.897672	535.294096	350.011182
0.716250	0.000670	0.000207	-0.000000	-0.000000	0.000000	3446.252581	530.773175	350.011263
0.723750	0.000655	0.000202	-0.000000	-0.000000	0.000000	3447.625959	526.188813	350.011338
0.731250	0.000640	0.000197	-0.000000	-0.000000	0.000000	3449.015893	521.547326	350.011407
0.738750	0.000625	0.000193	-0.000000	-0.000000	0.000000	3450.420522	516.854866	350.011470
0.746250	0.000610	0.000188	-0.000000	-0.000000	0.000000	3451.838039	512.117416	350.011527
0.753750	0.000595	0.000183	-0.000000	-0.000000	0.000000	3453.266694	507.340771	350.011580
0.761250	0.000580	0.000179	-0.000000	-0.000000	0.000000	3454.704798	502.530537	350.011628
0.768750	0.000566	0.000174	-0.000000	-0.000000	0.000000	3456.150724	497.692124	350.011671
0.776250	0.000551	0.000170	-0.000000	-0.000000	0.000000	3457.602906	492.830737	350.011709
0.783750	0.000537	0.000166	-0.000000	-0.000000	0.000000	3459.059845	487.951373	350.011744
0.791250	0.000523	0.000161	-0.000000	-0.000000	0.000000	3460.520105	483.058823	350.011776
0.798750	0.000509	0.000157	-0.000000	-0.000000	0.000000	3461.982317	478.157663	350.011804
0.806250	0.000496	0.000153	-0.000000	-0.000000	0.000000	3463.445177	473.252261	350.011828
0.813750	0.000482	0.000149	-0.000000	-0.000000	0.000000	3464.907445	468.346772	-210.987288
0.821250	0.000469	0.000145	-0.000000	-0.000000	0.000000	3466.367947	463.445142	-210.987285
0.828750	0.000456	0.000141	0.000000	-0.000000	0.000000	3467.825570	458.551110	-210.987283
0.836250	0.000443	0.000137	0.000000	-0.000000	0.000000	3469.279268	453.668212	-210.987280
0.843750	0.000431	0.000133	0.000000	-0.000000	0.000000	3470.728053	448.799779	-210.987278
0.851250	0.001132	0.000348	0.000000	0.000000	0.000001	1562.481188	5458.710526	1733.668784
0.858750	0.002404	0.000724	0.000002	0.000000	0.000016	641.027896	5638.259694	3694.579047
0.866250	0.002805	0.000803	0.000011	0.000000	0.000057	519.360865	5110.818295	4509.984209
0.873750	0.003038	0.000820	0.000030	0.000000	0.000106	452.953625	4851.584416	4647.515820
0.881250	0.003155	0.000804	0.000055	0.000001	0.000148	417.926270	4699.534425	4578.622678
0.888750	0.003236	0.000781	0.000082	0.000001	0.000185	393.677969	4573.265615	4500.180891
0.896250	0.003308	0.000760	0.000110	0.000001	0.000217	372.384631	4461.581376	4435.520806
0.903750	0.003373	0.000741	0.000139	0.000001	0.000246	353.051904	4366.035709	4375.111297
0.911250	0.003430	0.000722	0.000166	0.000001	0.000271	335.682222	4285.711012	4315.194172
0.918750	0.003478	0.000704	0.000192	0.000001	0.000294	320.064587	4217.755756	4257.076771
0.926250	0.003520	0.000688	0.000217	0.000001	0.000314	305.892778	4159.767271	4201.884895
0.933750	0.003558	0.000672	0.000239	0.000001	0.000332	292.914009	4109.652065	4150.598388
0.941250	0.003591	0.000659	0.000259	0.000001	0.000348	280.921691	4065.737046	4103.792350
0.948750	0.003621	0.000646	0.000277	0.000001	0.000363	269.757899	4026.820618	4061.493358
0.956250	0.003649	0.000634	0.000293	0.000001	0.000377	259.307430	3992.050010	4023.388447
0.963750	0.003674	0.000624	0.000308	0.000001	0.000390	249.484181	3960.791514	3989.043267
0.971250	0.003697	0.000614	0.000320	0.000001	0.000402	240.220417	3932.547687	3958.019073
0.978750	0.003719	0.000605	0.000331	0.000001	0.000413	231.460513	3906.915064	3929.909119
0.986250	0.003740	0.000597	0.000340	0.000001	0.000424	223.159912	3883.558562	3904.358080
0.993750	0.003758	0.000590	0.000348	0.000001	0.000434	215.216523	3862.098161	3880.945493
1.001250	0.003786	0.000585	0.000356	0.000001	0.000444	209.328544	3842.343937	3859.729009
1.008750	0.003805	0.000579	0.000361	0.000001	0.000454	207.233981	3823.903140	3840.458235
1.016250	0.003817	0.000574	0.000365	0.000001	0.000462	206.504569	3807.064920	3822.847730
1.023750	0.003828	0.000569	0.000368	0.000001	0.000469	205.807564	3791.917106	3806.783243
1.031250	0.003839	0.000564	0.000370	0.000001	0.000476	205.187006	3778.170382	3792.083854
1.038750	0.003849	0.000560	0.000372	0.000001	0.000483	204.628022	3765.602555	3778.600108
1.046250	0.003858	0.000556	0.000373	0.000001	0.000489	204.120763	3754.034857	3766.192303
1.053750	0.003867	0.000552	0.000373	0.000001	0.000495	203.657289	3743.324944	3754.728082
1.061250	0.003875	0.000549	0.000373	0.000001	0.000501	203.231255	3733.356550	3744.089470
1.068750	0.003883	0.000546	0.000373	0.000001	0.000506	202.837464	3724.033559	3734.173224
1.076250	0.003890	0.000543	0.000372	0.000001	0.000512	202.471622	3715.276106	3724.889049
1.083750	0.003897	0.000541	0.000371	0.000001	0.000517	202.130140	3707.016498	3716.160262
1.091250	0.003904	0.000539	0.000370	0.000001	0.000522	201.809963	3699.196770	3707.922321
1.098750	0.003910	0.000536	0.000369	0.000001	0.000526	201.508492	3691.768004	3700.118691
1.106250	0.003917	0.000534	0.000368	0.000001	0.000531	201.223514	3684.687709	3692.702157
1.113750	0.003923	0.000532	0.000366	0.000001	0.000535	200.953122	3677.919646	3685.631395
1.121250	0.003928	0.000530	0.000365	0.000001	0.000540	200.695696	3671.432820	3678.870138
1.128750	0.003934	0.000528	0.000363	0.000001	0.000544	200.449838	3665.199877	3672.388224
1.136250	0.003940	0.000527	0.000362	0.000001	0.000548	200.214327	3659.197236	3666.159095
1.143750	0.003945	0.000525	0.000360	0.000001	0.000552	199.988108	3653.404202	3660.160008
1.151250	0.003950	0.000523	0.000358	0.000001	0.000556	199.770272	3647.803204	3654.369963
1.158750	0.003955	0.000522	0.000356	0.000001	0.000560	199.560042	3642.378601	3648.771186
1.166250	0.003960	0.000520	0.000355	0.000001	0.000563	199.356732	3637.116655	3643.348089
1.173750	0.003965	0.000519	0.000353	0.000001	0.000567	199.159734	3632.004933	3638.087706
1.181250	0.003970	0.000517	0.000351	0.000001	0.000571	198.968519	3627.033004	3632.977318
1.188750	0.003974	0.000516	0.000349	0.000001	0.000574	198.782635	3622.191382	3628.006237
1.196250	0.003979	0.000515	0.000348	0.000001	0.000577	198.601672	3617.471370	3623.165580
1.203750	0.003983	0.000513	0.000346	0.000001	0.000581	198.425267	3612.865638	3618.446458
1.211250	0.003988	0.000512	0.000344	0.000001	0.000584	198.253110	3608.367328	3613.841631
1.218750	0.003992	0.000511	0.000343	0.000001	0.000587	198.084914	3603.970380	3609.344400
1.226250	0.003996	0.000510	0.000341	0.000001	0.000590	197.920436	3599.669611	3604.948112
1.233750	0.004000	0.000508	0.000339	0.000001	0.000593	197.759461	3595.459950	3600.647691
1.241250	0.004004	0.000507	0.000338	0.000001	0.000596	197.601781	3591.336842	3596.438452
1.248750	0.004008	0.000506	0.000336	0.000001	0.000599	197.447218	3587.296290	3592.315802
1.256250	0.004012	0.000505	0.000335	0.000001	0.000602	197.295613	3583.334627	3588.275622
1.263750	0.004016	0.000504	0.000333	0.000001	0.000605	197.146826	3579.448616	3584.313881
1.271250	0.004020	0.000503	0.000332	0.000001	0.000608	197.000729	3575.635016	3580.427524
1.278750	0.004024	0.000502	0.000330	0.000001	0.000611	196.857196	3571.890874	3576.613666
1.286250	0.004027	0.000501	0.000329	0.000001	0.000614	196.716118	3568.213611	3572.869304
1.293750	0.004031	0.000500	0.000327	0.000001	0.000616	196.577399	3564.600832	3569.191674
1.301250	0.004034	0.000499	0.000326	0.000001	0.000619	196.440948	3561.050206	3565.578470
1.308750	0.004038	0.000498	0.000324	0.000001	0.000622	196.306682	3557.559625	3562.027397
1.316250	0.004041	0.000497	0.000323	0.000001	0.000624	196.174524	3554.127156	3558.536231
1.323750	0.004045	0.000496	0.000322	0.000001	0.000627	196.044404	3550.750923	3555.103054
1.331250	0.004048	0.000495	0.000320	0.000001	0.000629	195.916253	3547.429018	3551.726405
1.338750	0.004051	0.000494	0.000319	0.000001	0.000632	195.790006	3544.160002	3548.404072
1.346250	0.004055	0.000493	0.000318	0.000001	0.000634	195.665616	3540.942364	3545.134340
1.353750	0.004058	0.000492	0.000317	0.000001	0.000636	195.543027	3537.774611	3541.915744
1.361250	0.004061	0.000491	0.000315	0.000001	0.000639	195.422189	3534.655331	3538.746895
1.368750	0.004064	0.000490	0.000314	0.000001	0.000641	195.303053	3531.583238	3535.626343
1.376250	0.004067	0.000489	0.000313	0.000001	0.000643	195.185572	3528.556926	3532.553149
1.383750	0.004070	0.000488	0.000312	0.000001	0.000646	195.069700	3525.575322	3529.525779
1.391250	0.004073	0.000488	0.000311	0.000001	0.000648	194.955403	3522.637356	3526.542885
1.398750	0.004076	0.000487	0.000310	0.000001	0.000650	194.842643	3519.741800	3523.603675
1.406250	0.004079	0.000486	0.000308	0.000001	0.000652	194.731379	3516.887716	3520.706824
1.413750	0.004082	0.000485	0.000307	0.000001	0.000654	194.621582	3514.074161	3517.851168
1.421250	0.004085	0.000484	0.000306	0.000001	0.000656	194.513219	3511.300158	3515.035769
1.428750	0.004088	0.000484	0.000305	0.000001	0.000658	194.406256	3508.564642	3512.260026
1.436250	0.004090	0.000483	0.000304	0.000001	0.000661	194.300658	3505.866839	3509.522759
1.443750	0.004093	0.000482	0.000303	0.000001	0.000663	194.196399	3503.205833	3506.823246
1.451250	0.004096	0.000481	0.000302	0.000001	0.000665	194.093451	3500.580898	3504.160415
1.458750	0.004098	0.000480	0.000301	0.000001	0.000667	193.991789	3497.991289	3501.533343
1.466250	0.004101	0.000480	0.000300	0.000001	0.000668	193.891388	3495.436093	3498.941609
1.473750	0.004104	0.000479	0.000299	0.000001	0.000670	193.792217	3492.914660	3496.384244
1.481250	0.004106	0.000478	0.000298	0.000001	0.000672	193.694247	3490.426187	3493.860726
1.488750	0.004109	0.000478	0.000297	0.000001	0.000674	193.597655	3487.970096	3491.370158
1.496250	0.004111	0.000477	0.000296	0.000001	0.000676	193.496871	3485.546911	3488.912585
